11112: Divider Inserts,1.5,0.5,0,0,20,2,8.5,11,0.5,2.75,0.5,2.75
11116: Divider Inserts,2,0.5,0,0,18,2,8.5,11,1,2.25,1,2.25
11121: Divider Inserts,2,0.5,0,0,18,2,8.5,11,1,2.25,1,2.25
11121: Divider Inserts,2,0.3333,0,0,26,2,8.5,11,1.1666,2.25,1.1666,2.25
11122: Divider Inserts,2,0.5,0,0,18,2,8.5,11,1,2.25,1,2.25
11123: Divider Inserts,1.5,0.5,0,0,20,2,8.5,11,0.5,2.75,0.5,2.75
11123: Divider Inserts,1.5,0.3333,0,0,26,2,8.5,11,1.1666,2.75,1.1666,2.75
11124: Divider Inserts,1.5,0.5,0,0,20,2,8.5,11,0.5,2.75,0.5,2.75
11126: Ready Index (J-D),3,0.8375,0,0,12,1,8.5,11,0.5,5,0.5,0.5
11127: Ready Index (J-D),3,0.8375,0,0,12,1,8.5,11,0.5,5,0.5,0.5
11130: Ready Index (5 Tab),3,1.875,0,0.125,5,1,8.5,11,0.625,5,0.5,0.5
11131: Ready Index (5 Tab),3,1.875,0,0.125,5,1,8.5,11,0.625,5,0.5,0.5
11132: Ready Index (8 Tab),3,1.125,0,0.094,8,1,8.5,11,0.875,5,0.5,0.5
11133: Ready Index (8 Tab),3,1.125,0,0.094,8,1,8.5,11,0.875,5,0.5,0.5
11134: Ready Index (10 Tab),3,0.875,0,0.125,10,1,8.5,11,0.625,5,0.5,0.5
11135: Ready Index (10 Tab),3,0.875,0,0.125,10,1,8.5,11,0.625,5,0.5,0.5
11136: Hanging File Tabs,2,0.5,0,0,10,4,8.5,7,1,0.25,1,0.25
11137: Hanging File Tabs,3.5,0.5,0,0,10,2,8.5,7,1,0.75,1,0.75
11140: Ready Index (12 Tab),3,0.8375,0,0,12,1,8.5,11,0.5,5,0.5,0.5
11141: Ready Index (12 Tab),3,0.8375,0,0,12,1,8.5,11,0.5,5,0.5,0.5
11142: Ready Index (15 Tab),3,0.46875,0,0.15625,15,1,8.5,11,0.9375,5,0.625,0.5
11143: Ready Index (15 Tab),3,0.46875,0,0.15625,15,1,8.5,11,0.9375,5,0.625,0.5
11145: Ready Index (5 Tab),3,1.875,0,0.125,5,1,8.5,11,0.625,5,0.5,0.5
11145: Ready Index (5 Tab),3,1.875,0,0.125,5,1,8.5,11,0.625,5,0.5,0.5
11146: Ready Index (8 Tab),3,1.125,0,0.094,8,1,8.5,11,0.875,5,0.5,0.5
11147: Ready Index (10 Tab),3,0.875,0,0.125,10,1,8.5,11,0.625,5,0.5,0.5
11161: Ready Index (5 Tab),3,1.875,0,0.125,5,1,8.5,11,0.625,5,0.5,0.5
11163: Ready Index (8 Tab),3,1.125,0,0.094,8,1,8.5,11,0.875,5,0.5,0.5
11165: Ready Index (10 Tab),3,0.875,0,0.125,10,1,8.5,11,0.625,5,0.5,0.5
11167: Ready Index (5 Tab),3,1.875,0,0.125,5,1,8.5,11,0.625,5,0.5,0.5
11168: Ready Index (8 Tab),3,1.125,0,0.094,8,1,8.5,11,0.875,5,0.5,0.5
11169: Ready Index (10 Tab),3,0.875,0,0.125,10,1,8.5,11,0.625,5,0.5,0.5
11171: Ready Index (5 Tab),3,1.875,0,0.125,5,1,8.5,11,0.625,5,0.5,0.5
11172: Ready Index (8 Tab),3,1.125,0,0.09,8,1,8.5,11,0.87,5,0.5,0.5
11173: Ready Index (10 Tab),3,0.875,0,0.125,10,1,8.5,11,0.625,5,0.5,0.5
11186: Ready Index (8 Tab),3,1.125,0,0.094,8,1,8.5,11,0.875,5,0.5,0.5
11187: Ready Index (5 Tab),3,1.875,0,0.125,5,1,8.5,11,0.625,5,0.5,0.5
11188: Ready Index (10 Tab),3,0.875,0,0.125,10,1,8.5,11,0.625,5,0.5,0.5
11241: Executive 5-Tab,3.5,3.5,2.5,0,1,1,8.5,11,3.75,2.75,3.75,2.25
11241: Executive 5-Tab,3,2,0,0,5,1,8.5,11,0.66,5.125,0.34,0.375
11242: Executive 8-Tab,3.5,3.5,2.5,0,1,1,8.5,11,3.75,2.75,3.75,2.25
11242: Executive 8-Tab,3,1.22,0,0,8,1,8.5,11,0.88,5.125,0.36,0.375
11243: Executive 10-Tab,3.5,3.5,2.5,0,1,1,8.5,11,3.75,2.75,3.75,2.25
11243: Executive 10-Tab,3,1,0,0,10,1,8.5,11,0.69,5.125,0.31,0.375
11245: Hidden 5-Tab,3,1.875,0,0.125,5,1,8.5,11,0.625,5,0.5,0.5
11246: Hidden 8-Tab,3,1.125,0,0.09375,8,1,8.5,11,0.875,5,0.5,0.5
11247: Hidden 10-Tab,3,0.875,0,0.125,10,1,8.5,11,0.625,5,0.5,0.5
11251: Presentation Kit 5-Tab,1.75,0.5,0.3,0,20,4,8.5,11,0.5,0.3,0.5,0.3
11251: Spine Label 1" or Larger,3.625,1,0.475,0,2,2,8.5,11,7.5,0.387,1.5,0.388
11251: Spine Label 1/4" or 5/16",3.625,0.25,0.475,0,2,2,8.5,11,2,0.387,8.5,0.388
11251: Spine Label 3/8" or 1/2",3.625,0.375,0.475,0,2,2,8.5,11,3.5,0.387,6.75,0.388
11251: Spine Label 5/8" or 3/4",3.625,0.625,0.475,0,2,2,8.5,11,5.25,0.387,4.5,0.388
11253: Narrow 5-Tab,1.75,0.25,0.3,0.25,20,4,8.5,11,0.5,0.3,0.75,0.3
11253: Spine Label 1" or Larger,3.625,1,0.475,0,2,2,8.5,11,7.5,0.387,1.5,0.388
11253: Spine Label 1/4" or 5/16",3.625,0.25,0.475,0,2,2,8.5,11,2,0.387,8.5,0.388
11253: Spine Label 3/8" or 1/2",3.625,0.375,0.475,0,2,2,8.5,11,3.5,0.387,6.75,0.388
11253: Spine Label 5/8" or 3/4",3.625,0.625,0.475,0,2,2,8.5,11,5.25,0.387,4.5,0.388
11275: Executive  Title Page,7.3,9.8,0,0,1,1,8.5,11,0.6,0.6,0.6,0.6
11275: Executive TOC 5-Tab,3,2,0,0,5,1,8.5,11,0.68,5.125,0.32,0.375
11276: Executive Title Page,7.3,9.8,0,0,1,1,8.5,11,0.6,0.6,0.6,0.6
11276: Executive TOC 8-Tab,3,1.22,0,0,8,1,8.5,11,0.88,5.125,0.36,0.375
11277: Executive Title Page,7.3,9.8,0,0,1,1,8.5,11,0.6,0.6,0.6,0.6
11277: Executive TOC 10-Tab,3,1,0,0,10,1,8.5,11,0.68,5.125,0.32,0.375
11278: Executive Title Page,7.3,9.8,0,0,1,1,8.5,11,0.6,0.6,0.6,0.6
11278: Executive TOC 12 Tab,3,0.85,0,0,12,1,8.5,11,0.5,5.125,0.3,0.375
11279: Executive Title Page,7.3,9.8,0,0,1,1,8.5,11,0.6,0.6,0.6,0.6
11279: Executive TOC 15-Tab,3,0.64,0,0,15,1,8.5,11,1,5.125,0.4,0.375
11406: View Divider (5-Tab),1.75,0.5,0.3,0,20,4,8.5,11,0.5,0.3,0.5,0.3
11407: Divider (8-Tab),1.125,0.5,1,0,20,4,8.5,11,0.5,0.5,0.5,0.5
11408: Divider (5-Tab),1.75,0.5,0.3,0,20,4,8.5,11,0.5,0.3,0.5,0.3
11408: Divider (5-Tab),1.63,0.42,0.4,0.42,10,5,11,8.5,0.26,0.625,0.26,0.625
11409: Divider (8-Tab),1.125,0.5,1,0,20,4,8.5,11,0.5,0.5,0.5,0.5
11409: Easy Apply 8-Tab,1,0.42,0.25,0.42,10,8,11,8.5,0.26,0.625,0.26,0.625
11410: Divider (5-Tab),1.75,0.5,0.3,0,20,4,8.5,11,0.5,0.3,0.5,0.3
11410: Easy Apply 5-Tab,1.63,0.42,0.4,0.42,10,5,11,8.5,0.26,0.625,0.26,0.625
11411: Divider (8-Tab),1.125,0.5,1,0,20,4,8.5,11,0.5,0.5,0.5,0.5
11411: Easy Apply 8-Tab,1,0.42,0.25,0.42,10,8,11,8.5,0.26,0.625,0.26,0.625
11412: Divider (5-Tab),1.75,0.5,0.3,0,20,4,8.5,11,0.5,0.3,0.5,0.3
11412: Easy Apply 5-Tab,1.63,0.42,0.4,0.42,10,5,11,8.5,0.26,0.625,0.26,0.625
11413: Divider (8-Tab),1.125,0.5,1,0,20,4,8.5,11,0.5,0.5,0.5,0.5
11413: Easy Apply 8-Tab,1,0.42,0.25,0.42,10,8,11,8.5,0.26,0.625,0.26,0.625
11414: Divider (5-Tab),1.75,0.5,0.3,0,20,4,8.5,11,0.5,0.3,0.5,0.3
11414: Easy Apply 5-Tab,1.63,0.42,0.4,0.42,10,5,11,8.5,0.26,0.625,0.26,0.625
11415: Divider (8-Tab),1.125,0.5,1,0,20,4,8.5,11,0.5,0.5,0.5,0.5
11415: Easy Apply 8-Tab,1,0.42,0.25,0.42,10,8,11,8.5,0.26,0.625,0.26,0.625
11416: Divider (5-Tab),1.75,0.5,0.3,0,20,4,8.5,11,0.5,0.3,0.5,0.3
11417: Divider (8-Tab),1.125,0.5,1,0,20,4,8.5,11,0.5,0.5,0.5,0.5
11418: Divider (5-Tab),1.75,0.5,0.3,0,20,4,8.5,11,0.5,0.3,0.5,0.3
11418: Easy Apply 5-Tab,1.63,0.42,0.4,0.42,10,5,11,8.5,0.26,0.625,0.26,0.625
11419: Divider (8-Tab),1.125,0.5,1,0,20,4,8.5,11,0.5,0.5,0.5,0.5
11419: Easy Apply 8-Tab,1,0.42,0.25,0.42,10,8,11,8.5,0.26,0.625,0.26,0.625
11420: Divider (3-Tab),3.125,0.5,1.25,0,20,2,8.5,11,0.5,0.5,0.5,0.5
11421: Divider (5-Tab),1.75,0.5,0.3,0,20,4,8.5,11,0.5,0.3,0.5,0.3
11422: Divider (8-Tab),1.125,0.5,1,0,20,4,8.5,11,0.5,0.5,0.5,0.5
11423: Divider (5-Tab),1.75,0.5,0.3,0,20,4,8.5,11,0.5,0.3,0.5,0.3
11423: Easy Apply 5-Tab,1.63,0.42,0.4,0.42,10,5,11,8.5,0.26,0.625,0.26,0.625
11424: Divider (8-Tab),1.125,0.5,1,0,20,4,8.5,11,0.5,0.5,0.5,0.5
11424: Easy Apply 8-Tab,1,0.42,0.25,0.42,10,8,11,8.5,0.26,0.625,0.26,0.625
11430: Divider (3-Tab),3.125,0.5,1.25,0,20,2,8.5,11,0.5,0.5,0.5,0.5
11430: Easy Apply 3-Tab,2.938,0.42,0.437,0.42,10,3,11,8.5,0.26,0.657,0.26,0.655
11431: Divider (5-Tab),1.75,0.5,0.3,0,20,4,8.5,11,0.5,0.3,0.5,0.3
11431: Easy Apply 5-Tab,1.63,0.42,0.4,0.42,10,5,11,8.5,0.26,0.625,0.26,0.625
11432: Divider (8-Tab),1.125,0.5,1,0,20,4,8.5,11,0.5,0.5,0.5,0.5
11432: Easy Apply 8-Tab,1,0.42,0.25,0.42,10,8,11,8.5,0.26,0.625,0.26,0.625
11435: Easy Apply 3-Tab,3.125,0.5,1.25,0,20,2,8.5,11,0.5,0.5,0.5,0.5
11435: Easy Apply 3-Tab,2.938,0.42,0.437,0.42,10,3,11,8.5,0.26,0.657,0.26,0.655
11436: Divider (5-Tab),1.75,0.5,0.3,0,20,4,8.5,11,0.5,0.3,0.5,0.3
11436: Easy Apply 5-Tab,1.63,0.42,0.4,0.42,10,5,11,8.5,0.26,0.625,0.26,0.625
11437: Divider (8-Tab),1.125,0.5,1,0,20,4,8.5,11,0.5,0.5,0.5,0.5
11437: Easy Apply 8-Tab,1,0.42,0.25,0.42,10,8,11,8.5,0.26,0.625,0.26,0.625
11442: Divider (3-Tab),3.125,0.5,1.25,0,20,2,8.5,11,0.5,0.5,0.5,0.5
11442: Easy Apply 3-Tab,2.938,0.42,0.437,0.42,10,3,11,8.5,0.26,0.657,0.26,0.655
11443: Divider (5-Tab),1.75,0.5,0.3,0,20,4,8.5,11,0.5,0.3,0.5,0.3
11443: Easy Apply 5-Tab,1.63,0.42,0.4,0.42,10,5,11,8.5,0.26,0.625,0.26,0.625
11444: Divider (8-Tab),1.125,0.5,1,0,20,4,8.5,11,0.5,0.5,0.5,0.5
11444: Easy Apply 8-Tab,1,0.42,0.25,0.42,10,8,11,8.5,0.26,0.625,0.26,0.625
11445: Divider (3-Tab),3.125,0.5,1.25,0,20,2,8.5,11,0.5,0.5,0.5,0.5
11445: Easy Apply 3-Tab,2.938,0.42,0.437,0.42,10,3,11,8.5,0.26,0.657,0.26,0.655
11446: Divider (5-Tab),1.75,0.5,0.3,0,20,4,8.5,11,0.5,0.3,0.5,0.3
11446: Easy Apply 5-Tab,1.63,0.42,0.4,0.42,10,5,11,8.5,0.26,0.625,0.26,0.625
11447: Divider (8-Tab),1.125,0.5,1,0,20,4,8.5,11,0.5,0.5,0.5,0.5
11447: Easy Apply 8-Tab,1,0.42,0.25,0.42,10,8,11,8.5,0.26,0.625,0.26,0.625
11455: Divider (3-Tab),3.125,0.5,1.25,0,20,2,8.5,11,0.5,0.5,0.5,0.5
11456: Divider (5-Tab),1.75,0.5,0.3,0,20,4,8.5,11,0.5,0.3,0.5,0.3
11457: Divider (8-Tab),1.125,0.5,1,0,20,4,8.5,11,0.5,0.5,0.5,0.5
11458: Divider (5-Tab),1.75,0.5,0.3,0,20,4,8.5,11,0.5,0.3,0.5,0.3
11458: Easy Apply 5-Tab,1.63,0.42,0.4,0.42,10,5,11,8.5,0.26,0.625,0.26,0.625
11459: Divider (8-Tab),1.125,0.5,1,0,20,4,8.5,11,0.5,0.5,0.5,0.5
11459: Easy Apply 8-Tab,1,0.42,0.25,0.42,10,8,11,8.5,0.26,0.625,0.26,0.625
11546: Divider (5-Tab),1.75,0.5,0.3125,0,1,5,11,8.5,0.25,0.5,7.75,0.5
11547: Divider (8-Tab),1.125,0.5,0.14286,0,1,8,11,8.5,0.25,0.5,7.75,0.5
11548: Divider (5-Tab),1.75,0.5,0.3125,0,1,5,11,8.5,0.25,0.5,7.75,0.5
11549: Divider (8-Tab),1.125,0.5,0.14286,0,1,8,11,8.5,0.25,0.5,7.75,0.5
11576: Divider (5-Tab),1.75,0.5,0.3125,0,1,5,11,8.5,0.25,0.5,7.75,0.5
11577: Divider (8-Tab),1.125,0.5,0.14286,0,1,8,11,8.5,0.25,0.5,7.75,0.5
11578: Divider (5-Tab),1.75,0.5,0.3125,0,1,5,11,8.5,0.25,0.5,7.75,0.5
11579: Divider (8-Tab),1.125,0.5,0.14286,0,1,8,11,8.5,0.25,0.5,7.75,0.5
12171: Ready Index (5-Tab),3,1.875,0,0.125,5,1,8.5,11,0.625,5,0.5,0.5
12172: Ready Index (8-Tab),3,1.125,0,0.09,8,1,8.5,11,0.87,5,0.5,0.5
12173: Ready Index (10-Tab),3,0.875,0,0.125,10,1,8.5,11,0.625,5,0.5,0.5
12221: Index Tab 1",2,0.34,0,0,15,1,8.5,11,0.5,1,4.375,1
15160: Address Labels,2.625,1,0.125,0,10,3,8.5,11,0.5,0.1875,0.5,0.1875
15162: Address Labels,4,1.3333,0.1875,0,7,2,8.5,11,0.8333,0.156,0.8333,0.156
15163: Shipping Labels,4,2,0.16,0,5,2,8.5,11,0.5,0.17,0.5,0.17
15167: Return Address Labels,1.75,0.5,0.3,0,20,4,8.5,11,0.5,0.3,0.5,0.3
15267: Return Address Labels,1.75,0.5,0.3,0,20,4,8.5,11,0.5,0.3,0.5,0.3
15660: Address Labels,2.75,1,0.063,0,10,3,8.5,11,0.5,0.062,0.5,0.062
15662: Address Labels,4.125,1.333,0.084,0,7,2,8.5,11,0.835,0.083,0.835,0.083
16219: Index Tab 1",2,0.34,0,0,15,1,8.5,11,0.5,1,4.375,1
16228: Index Tab 1 1/2",3,0.34,0,0,15,1,8.5,11,0.5,0.5,4.375,0.5
16230: Index Tab 1 1/2",3,0.34,0,0,15,1,8.5,11,0.5,0.5,4.375,0.5
16239: Index Tab 2",4,0.34,0,0,15,1,8.5,11,0.5,0.125,4.375,0.125
16241: Index Tab 2",4,0.34,0,0,15,1,8.5,11,0.5,0.125,4.375,0.125
18160: Address Labels,2.625,1,0.125,0,10,3,8.5,11,0.5,0.1875,0.5,0.1875
18161: Address Labels,4,1,0.188,0,10,2,8.5,11,0.5,0.156,0.5,0.156
18162: Address Labels,4,1.3333,0.1875,0,7,2,8.5,11,0.8333,0.156,0.8333,0.156
18163: Address/Shipping,4,2,0.16,0,5,2,8.5,11,0.5,0.17,0.5,0.17
18167: Return Address Labels,1.75,0.5,0.3,0,20,4,8.5,11,0.5,0.3,0.5,0.3
18660: Address Labels,2.625,1,0.125,0,10,3,8.5,11,0.5,0.1875,0.5,0.1875
18662: Address Labels,4,1.3333,0.1875,0,7,2,8.5,11,0.8333,0.156,0.8333,0.156
18663: Address/Shipping,4,2,0.16,0,5,2,8.5,11,0.5,0.17,0.5,0.17
18667: Address Labels,1.75,0.5,0.3,0,20,4,8.5,11,0.5,0.3,0.5,0.3
23280: Insertable (5-Tab),2,0.5,0,0,18,2,8.5,11,1,2.25,1,2.25
23280: Insertable (5-Tab),2,0.3331,0,0,26,2,8.5,11,1.17,2.25,1.1694,2.25
23281: Insertable (5-Tab),2,0.5,0,0,18,2,8.5,11,1,2.25,1,2.25
23281: Insertable (5-Tab),2,0.3331,0,0,26,2,8.5,11,1.17,2.25,1.1694,2.25
23284: Insertable (8-Tab),1.5,0.5,0,0,20,2,8.5,11,0.5,2.75,0.5,2.75
23285: Insertable (8-Tab),1.5,0.5,0,0,20,2,8.5,11,0.5,2.75,0.5,2.75
25160: Multi-Purpose 30 Up,2.625,1,0.125,0,10,3,8.5,11,0.5,0.1875,0.5,0.1875
25371: Business Cards,3.5,2,0,0,5,2,8.5,11,0.5,0.75,0.5,0.75
26550: Business Cards,3.5,2,0,0,5,2,8.5,11,0.5,0.75,0.5,0.75
26551: Business Cards,3.5,2,0,0,5,2,8.5,11,0.5,0.75,0.5,0.75
27871: Business Cards,3.5,2,0,0,5,2,8.5,11,0.5,0.75,0.5,0.75
27881: Business Cards,3.5,2,0,0,5,2,8.5,11,0.5,0.75,0.5,0.75
27882: Business Cards,3.5,2,0,0,5,2,8.5,11,0.5,0.75,0.5,0.75
28371: Business Cards,3.5,2,0,0,5,2,8.5,11,0.5,0.75,0.5,0.75
28877: Business Cards,3.5,2,0,0,5,2,8.5,11,0.5,0.75,0.5,0.75
3110: Kids Rect.  Stickers,2.375,1.25,0.3125,0.25,6,3,8.5,11,1.125,0.375,1.125,0.375
3111: Kids Square Stickers,2.5,2.5,0.1875,0.5,3,3,8.5,11,1.25,0.3125,1.25,0.3125
3112: Kids Sm. Round Stickers,1.5,1.5,0.5,0.5,5,4,8.5,11,0.75,0.5,0.75,0.5
3113: Kids Big Round Stickers,2.5,2.5,0.1875,0.5,3,3,8.5,11,1.25,0.3125,1.25,0.3125
3116: Kids Heart Stickers,1.5,1.375,0.5,0.625,5,4,8.5,11,0.875,0.5,0.75,0.5
3117: Kids Mini Stickers,0.5,0.5,0.5,0.75,8,8,8.5,11,0.875,0.5,0.875,0.5
3118: Kids Mini Stickers,0.5,0.5,0.5,0.75,8,8,8.5,11,0.875,0.5,0.875,0.5
3200: Card Variety Pack,8.5,5.5,0,0,2,1,8.5,11,0,0,0,0
3251: Greeting Card,8.5,5.5,0,0,2,1,8.5,11,0,0,0,0
3252: Greeting Card,8.5,5.5,0,0,2,1,8.5,11,0,0,0,0
3254: Greeting Card,6.875,4.875,0,0,2,1,8.5,11,0.625,0.8125,0.625,0.8125
3256: Note Cards,3.25,4.5,1,1,2,2,8.5,11,0.5,0.5,0.5,0.5
3257: Mini-Photo Stickers,0.875,0.625,0.188,0.188,4,4,11,8.5,0.468,0.968,0.468,0.968
3258: Photo Frame Card,7,5,0,0,2,1,8.5,11,0.5,0.75,0.5,0.75
3259: Note Card,3.25,4.5,1,1,2,2,8.5,11,0.5,0.5,0.5,0.5
3260: Half-Fold Card,7,4,0,1.5,2,1,8.5,11,0.75,0.75,0.75,0.75
3261: Large Labels,3.75,1.25,0.25,0.25,6,2,8.5,11,1.125,0.375,1.125,0.375
3261: Return Address Labels,2.25,0.75,0.5,0.25,10,3,8.5,11,0.625,0.375,0.625,0.375
3261: Small Labels,2.375,1.25,0.3125,0.25,6,3,8.5,11,1.125,0.375,1.125,0.375
3263: Postcard,5.5,4.25,0,0,2,2,11,8.5,0,0,0,0
3264: Mini Folded Card,3.5,2,0.5,0,4,2,8.5,11,1.25,0.5,1.25,0.5
3265: Half-Fold Card,8.5,5.5,0,0,2,1,8.5,11,0,0,0,0
3266: Quarter-Fold Card,4.25,5.5,0,0,2,2,8.5,11,0,0,0,0
3268: Note Card,4.25,5.5,0,0,2,2,8.5,11,0,0,0,0
3269: Half-Fold Cards,8.5,5.5,0,0,2,1,8.5,11,0,0,0,0
3273: Greeting Cards,6.875,4.875,0,0,2,1,8.5,11,0.625,0.8125,0.625,0.8125
3274: Big Round Stickers,2.5,2.5,0.1875,0.5,3,3,8.5,11,1.25,0.3125,1.25,0.3125
3274: Small Round Stickers,1.5,1.5,0.5,0.5,5,4,8.5,11,0.75,0.5,0.75,0.5
3274: Square Stickers,2.5,2.5,0.1875,0.5,3,3,8.5,11,1.25,0.3125,1.25,0.3125
3297: Half-fold Card,8.5,5.5,0,0,2,1,8.5,11,0,0,0,0
3610: Kids  Greeting Cards (landscape),4.5,7,0.5,0,1,2,11,8.5,0.75,0.75,0.75,0.75
3610: Kids  Greeting Cards (portrait),7,4.5,0,0.5,2,1,8.5,11,0.75,0.75,0.75,0.75
3612: Kids Biz Cards,3.5,2,0.5,0.5,4,2,8.5,11,0.75,0.5,0.75,0.5
3613: Kids ID Cards,3.25,2,0,1.6666,3,1,8.5,11,0.8333,4.3125,0.8335,0.9375
3616: Kids  Bookmarks,1.375,7,2,0,1,3,11,8.5,0.75,0.75,0.75,2.125
3617: Kids Wrist Bands,8.25,0.75,0,1.75,3,1,11,8.5,1.375,1.375,1.375,1.375
5066: File Folder Labels,3.438,0.541,0.562,0.1256,15,2,8.5,11,0.625,0.531,0.5,0.531
5095: Name Badge,2.938,1.896,0.812,0.604,4,2,8.5,11,0.802,0.907,0.802,0.907
5096: Diskette - 3.5",2.75,2.75,0,0.25,3,3,8.5,11,0.5,0.125,1.75,0.125
5097: Diskette - 5.25",4,1.25,0.1875,0.25,6,2,8.5,11,1.25,0.156,1,0.156
5159: Address Labels,4,1.5,0.188,0,7,2,8.5,11,0.25,0.156,0.25,0.156
5160: Address Labels,2.625,1,0.125,0,10,3,8.5,11,0.5,0.1875,0.5,0.1875
5161: Address Labels,4,1,0.188,0,10,2,8.5,11,0.5,0.156,0.5,0.156
5162: Address Labels,4,1.3333,0.1875,0,7,2,8.5,11,0.8333,0.156,0.8333,0.156
5163: Shipping Labels,4,2,0.16,0,5,2,8.5,11,0.5,0.17,0.5,0.17
5164: Shipping Labels,4,3.333,0.188,0,3,2,8.5,11,0.5,0.156,0.5,0.156
5166: File Folder Labels,3.438,0.541,0.562,0.1256,15,2,8.5,11,0.625,0.531,0.5,0.531
5167: Return Address Labels,1.75,0.5,0.3,0,20,4,8.5,11,0.5,0.3,0.5,0.3
5168: Shipping Labels,3.5,5,0.5,0,2,2,8.5,11,0.5,0.5,0.5,0.5
5196: Diskette - 3.5",2.75,2.75,0,0.25,3,3,8.5,11,0.5,0.125,1.75,0.125
5197: Diskette - 5.25",4,1.5,0.188,0,6,2,8.5,11,1,0.156,1,0.156
5198: Audio Tape,3.5,1.667,0.5,-0.0004,6,2,8.5,11,0.5,0.5,0.5,0.5
5199: Videotape Face,3.063,1.833,0.237,0.0003,5,2,8.5,11,0.917,1.069,0.917,1.069
5199: Videotape Spine,5.813,0.6666,0,0,15,1,8.5,11,0.5,1.344,0.5,1.344
5200: Video Spine,5.813,0.6666,0,0,15,1,8.5,11,0.5,1.344,0.5,1.344
5223: Videotape Face,3.063,1.833,0.237,0.0003,5,2,8.5,11,0.917,1.069,0.917,1.069
5260: Address Labels,2.625,1,0.125,0,10,3,8.5,11,0.5,0.1875,0.5,0.1875
5261: Address Labels,4,1,0.188,0,10,2,8.5,11,0.5,0.156,0.5,0.156
5262: Address Labels,4,1.3333,0.1875,0,7,2,8.5,11,0.8333,0.156,0.8333,0.156
5263: Shipping Labels,4,2,0.16,0,5,2,8.5,11,0.5,0.17,0.5,0.17
5264: Shipping Labels,4,3.333,0.188,0,3,2,8.5,11,0.5,0.156,0.5,0.156
5266: File Folder Labels,3.438,0.541,0.562,0.1256,15,2,8.5,11,0.625,0.531,0.5,0.531
5267: Return Address Labels,1.75,0.5,0.3,0,20,4,8.5,11,0.5,0.3,0.5,0.3
5268: File Folder Labels,3.438,0.541,0.562,0.1257,15,2,8.5,11,0.625,0.531,0.5,0.531
5293: Round Labels,1.625,1.625,0.375,0.042,6,4,8.5,11,0.5,0.438,0.5,0.438
5294: Round Labels,2.468,2.468,0.282,0.032,4,3,8.5,11,0.516,0.266,0.516,0.266
5305: Tent Card Med.,7.75,4.25,0.75,0.75,2,1,8.5,11,0.875,0.375,0.875,0.375
5309: Tent Card Large,10,6,1,1,1,1,11,8.5,1.25,0.5,1.25,0.5
5315: Note Card,4.25,5.5,0,0,2,2,8.5,11,0,0,0,0
5361: ID Card,3.25,2,0,1.6666,3,1,8.5,11,0.8333,4.3125,0.8333,0.9375
5361: ID Card,3.25,2,0,1.6666,3,1,8.5,11,0.8333,4.3125,0.8333,0.9375
5362: Name Badge,3.25,2,0,1.6666,3,1,8.5,11,0.8333,4.3125,0.8333,0.9375
5362: Name Badge,3.25,2,0,1.6666,3,1,8.5,11,0.8333,4.3125,0.8333,0.9375
5364: Rotary Index Card,3.875,2.0625,0,1.6041,3,1,8.5,11,0.8125,4.3125,0.8125,0.375
5366: File Folder Labels,3.438,0.667,0.562,0,15,2,8.5,11,0.5,0.531,0.5,0.531
5368: File Folder Labels,3.438,0.541,0.562,0.1257,15,2,8.5,11,0.625,0.531,0.5,0.531
5372: Business Cards,3.5,2,0,0,5,2,8.5,11,0.5,0.75,0.5,0.75
5376: Business Cards,3.5,2,0,0,5,2,8.5,11,0.5,0.75,0.5,0.75
5378: File Folder Labels,3.438,0.541,0.562,0.1257,15,2,8.5,11,0.625,0.531,0.5,0.531
5383: Name Tag Kit,3.5,2.219,0,0,4,2,8.5,11,1.0625,0.75,1.0625,0.75
5384: Name Badge Inserts,4,3,0,0,3,2,8.5,11,1,0.25,1,0.25
5385: Rotary Card - Small,4,2.167,0,0,4,2,8.5,11,1.1667,0.25,1.1667,0.25
5386: Rotary Card - Large,5,3,0,0,3,1,8.5,11,1,1.75,1,1.75
5388: Index Card,5,3,0,0,3,1,8.5,11,1,1.75,1,1.75
5389: Postcard,6,4,0,0,2,1,8.5,11,1.5,1.25,1.5,1.25
5390: Name Tag Refill,3.5,2.219,0,0,4,2,8.5,11,1.0625,0.75,1.0625,0.75
5392: Name Tag Refill,4,3,0,0,3,2,8.5,11,1,0.25,1,0.25
5395: Name Badge,2.938,1.896,0.812,0.604,4,2,8.5,11,0.802,0.907,0.802,0.907
5510: Address Labels,2.625,1,0.125,0,10,3,8.5,11,0.5,0.1875,0.5,0.1875
5512: Address Labels,4,1.3333,0.1875,0,7,2,8.5,11,0.8333,0.156,0.8333,0.156
5513: Address Labels,4,2,0.16,0,5,2,8.5,11,0.5,0.17,0.5,0.17
5514: Address Labels,4,3.333,0.188,0,3,2,8.5,11,0.5,0.156,0.5,0.156
5520: Address Labels,2.625,1,0.125,0,10,3,8.5,11,0.5,0.1875,0.5,0.1875
5522: Address Labels,4,1.3333,0.1875,0,7,2,8.5,11,0.8333,0.156,0.8333,0.156
5523: Address Labels,4,2,0.16,0,5,2,8.5,11,0.5,0.17,0.5,0.17
5524: Address Labels,4,3.333,0.188,0,3,2,8.5,11,0.5,0.156,0.5,0.156
5560: Address Labels,2.625,1,0.156,0,10,3,8.5,11,0.5,0.1875,0.5,0.1875
5620: Multi-Purpose 10 Count,2.75,1,0.063,0,10,3,8.5,11,0.5,0.062,0.5,0.062
5630: Address Labels,2.75,1,0.063,0,10,3,8.5,11,0.5,0.062,0.5,0.062
5660: Address Labels,2.75,1,0.063,0,10,3,8.5,11,0.5,0.062,0.5,0.062
5661: Address Labels,4.125,1,0.084,0,10,2,8.5,11,0.5,0.083,0.5,0.083
5662: Address Labels,4.125,1.333,0.084,0,7,2,8.5,11,0.835,0.083,0.835,0.083
5663: Shipping Labels,4.125,2,0.084,0,5,2,8.5,11,0.5,0.083,0.5,0.083
5664: Shipping Labels,4.125,3.333,0.084,0.0003,3,2,8.5,11,0.5,0.083,0.5,0.083
5666: File Folder Labels,3.438,0.541,0.562,0.1256,15,2,8.5,11,0.625,0.531,0.5,0.531
5667: Return Address Labels,1.75,0.5,0.3,0,20,4,8.5,11,0.5,0.3,0.5,0.3
5691: CD/DVD Jewel Cover,4.75,4.75,0,0,1,1,8.5,11,5.625,1.875,0.625,1.875
5691: CD/DVD Jewel Spine,0.25,4.625,5.375,0,1,2,8.5,11,0.625,1.3125,5.75,1.3125
5691: CD/DVD Jewel Spine,0.219,4.688,0.25,0.157,2,2,8.5,11,0.734,0.494,0.733,7.318
5691: CD/DVD Jewel Tray,5.375,4.625,0,0,1,1,8.5,11,0.625,1.5625,5.75,1.5625
5692: CD/DVD Jewel Spine,0.219,4.688,0.25,0.157,2,2,8.5,11,0.734,0.494,0.733,7.318
5693: CD/DVD Jewel Cover,4.75,4.75,0,0,1,1,8.5,11,5.625,1.875,0.625,1.875
5693: CD/DVD Jewel Spine,0.25,4.625,5.375,0,1,2,8.5,11,0.625,1.3125,5.75,1.3125
5693: CD/DVD Jewel Tray,5.375,4.625,0,0,1,1,8.5,11,0.625,1.5625,5.75,1.5625
5694: CD/DVD Jewel Spine,0.219,4.688,0.25,0.157,2,2,8.5,11,0.734,0.494,0.733,7.318
5766: File Folder Labels,3.438,0.541,0.562,0.1256,15,2,8.5,11,0.625,0.531,0.5,0.531
5776: Bordered Labels,4,3.333,0.188,0,3,2,8.5,11,0.5,0.156,0.5,0.156
5777: Bordered Labels,4,2,0.16,0,5,2,8.5,11,0.5,0.17,0.5,0.17
5778: Bordered Labels,4,3.333,0.188,0,3,2,8.5,11,0.5,0.156,0.5,0.156
5779: Bordered Labels,4,2,0.16,0,5,2,8.5,11,0.5,0.17,0.5,0.17
5795: Fluorescent Laser,4,2,0.16,0,5,2,8.5,11,0.5,0.17,0.5,0.17
5810: Address Labels,2.625,1,0.125,0,10,3,8.5,11,0.5,0.1875,0.5,0.1875
5824: CD-Recordable Labels,4.5,4.5,0,1,2,1,8.5,11,0.5,2,0.5,2
5843: Name Badge Inserts,3.5,2.1563,0,0,4,2,8.5,11,1.1875,0.7813,1.1875,0.7188
5844: Tent Card Med.,8.5,5,0,0,2,1,8.5,11,0.5,0,0.5,0
5845: Note Cards,2.833,1,0,0,10,3,8.5,11,0.5,0,0.5,0.001
5866: File Folder Labels,3.438,0.541,0.562,0.1256,15,2,8.5,11,0.625,0.531,0.5,0.531
5871: Business Cards,3.5,2,0,0,5,2,8.5,11,0.5,0.75,0.5,0.75
5876: Business Cards,3.5,2,0,0,5,2,8.5,11,0.5,0.75,0.5,0.75
5877: Business Cards,3.5,2,0,0,5,2,8.5,11,0.5,0.75,0.5,0.75
5881: Business Cards,3.5,2,0.5,0.5,4,2,8.5,11,0.75,0.5,0.75,0.5
5883: Name Badge Inserts,3.1875,1.8438,0.3125,0.3437,4,2,8.5,11,1.3125,0.875,1.3125,0.9375
5895: Name Badge,2.938,1.896,0.812,0.604,4,2,8.5,11,0.802,0.907,0.802,0.907
5896: Diskette - 3.5",2.75,2.75,0,0.25,3,3,8.5,11,0.5,0.125,1.75,0.125
5897: Diskette - 5.25",4,1.25,0.1875,0.25,6,2,8.5,11,1.25,0.156,1,0.156
5911: Business Cards,3.5,2,0,0,5,2,8.5,11,0.5,0.75,0.5,0.75
5920: Address Labels,2.625,1,0.125,0,10,3,8.5,11,0.5,0.1875,0.5,0.1875
5922: Address Labels,4,1.3333,0.1875,0,7,2,8.5,11,0.8333,0.156,0.8333,0.156
5923: Address/Shipping,4,2,0.16,0,5,2,8.5,11,0.5,0.17,0.5,0.17
5925: Zip Disks Bottom,3.75,0.281,0,3.031,3,1,8.5,11,3.438,2.375,0.657,2.375
5925: Zip Disks Face,2.345,2,1.27,1.312,3,2,8.5,11,0.657,1.27,1.719,1.27
5925: Zip Disks Top,3.75,0.281,0,3.031,3,1,8.5,11,2.907,2.375,1.188,2.375
5927: Return Address Labels,1.75,0.5,0.3,0,20,4,8.5,11,0.5,0.3,0.5,0.3
5930: Address Labels,2.75,1,0.063,0,10,3,8.5,11,0.5,0.062,0.5,0.062
5931: CD/DVD Jewel Spine,0.219,4.688,0.25,0.157,2,2,8.5,11,0.734,0.494,0.733,7.318
5932: Address Labels,4.125,1.333,0.084,0,7,2,8.5,11,0.835,0.083,0.835,0.083
5960: Address Labels,2.625,1,0.125,0,10,3,8.5,11,0.5,0.1875,0.5,0.1875
5961: Address Labels,4,1,0.188,0,10,2,8.5,11,0.5,0.156,0.5,0.156
5962: Address Labels,4,1.3333,0.1875,0,7,2,8.5,11,0.8333,0.156,0.8333,0.156
5963: Shipping Labels,4,2,0.16,0,5,2,8.5,11,0.5,0.17,0.5,0.17
5966: File Folder Labels,3.438,0.541,0.562,0.1256,15,2,8.5,11,0.625,0.531,0.5,0.531
5970: Fluorescent Laser,2.625,1,0.125,0,10,3,8.5,11,0.5,0.1875,0.5,0.1875
5971: Fluorescent Laser,2.625,1,0.125,0,10,3,8.5,11,0.5,0.1875,0.5,0.1875
5972: Fluorescent Laser,2.625,1,0.125,0,10,3,8.5,11,0.5,0.1875,0.5,0.1875
5975: Fluorescent Laser,8.5,11,0,0,1,1,8.5,11,0,0,0,0
5978: Shipping Labels,4,2,0.16,0,5,2,8.5,11,0.5,0.17,0.5,0.17
5979: Fluorescent Laser,2.625,1,0.125,0,10,3,8.5,11,0.5,0.1875,0.5,0.1875
5980: Pastel Laser,2.625,1,0.125,0,10,3,8.5,11,0.5,0.1875,0.5,0.1875
5994: Laser Fluorescent Bursts,1.5,1.5,0.5,0.167,6,4,8.5,11,0.583,0.5,0.583,0.5
5995: Laser Fluorescent Bursts,2.25,2.25,0.5,0.25,4,3,8.5,11,0.625,0.375,0.625,0.375
5996: Diskette - 3.5",2.75,2.75,0,0.25,3,3,8.5,11,0.5,0.125,1.75,0.125
5997: Videotape Face,3.063,1.833,0.237,0.0003,5,2,8.5,11,0.917,1.069,0.917,1.069
5997: Videotape Spine,5.813,0.6666,0,0,15,1,8.5,11,0.5,1.344,0.5,1.344
5998: Audio Tape,3.5,1.667,0.5,-0.0004,6,2,8.5,11,0.5,0.5,0.5,0.5
600-8166B: File Folder Labels,3.438,0.666,0,0.1562,15,2,8.5,11,0.505,0.538,0.505,0.538
600-8166G: File Folder Labels,3.438,0.666,0,0.1562,15,2,8.5,11,0.505,0.538,0.505,0.538
600-8166R: File Folder Labels,3.438,0.666,0,0.1562,15,2,8.5,11,0.505,0.538,0.505,0.538
600-8166Y: File Folder Labels,3.438,0.666,0,0.1562,15,2,8.5,11,0.505,0.538,0.505,0.538
6368: File Folder Labels,3.438,0.541,0.562,0.1257,15,2,8.5,11,0.625,0.531,0.5,0.531
6460: Multi-Purpose Med.,2.625,1,0.125,0,10,3,8.5,11,0.5,0.1875,0.5,0.1875
6464: Multi-Purpose Large,4,3.333,0.188,0,3,2,8.5,11,0.5,0.156,0.5,0.156
6466: File Folder Labels,3.438,0.667,0.562,0,15,2,8.5,11,0.5,0.531,0.5,0.531
6467: Multi-Purpose Sm.,1.75,0.5,0.3,0,20,4,8.5,11,0.5,0.3,0.5,0.3
6468: File Folder Labels,3.438,0.667,0.562,0,15,2,8.5,11,0.5,0.531,0.5,0.531
6490: Diskette - 3.5",2.688,2,0.093,0,5,3,8.5,11,0.5,0.125,0.5,0.125
6691: CD/DVD Jewel Cover,4.75,4.75,0,0,1,1,8.5,11,5.625,1.875,0.625,1.875
6691: CD/DVD Jewel Spine,0.25,4.625,5.375,0,1,2,8.5,11,0.625,1.3125,5.75,1.3125
6691: CD/DVD Jewel Spine,0.219,4.688,0.25,0.157,2,2,8.5,11,0.734,0.494,0.733,7.318
6691: CD/DVD Jewel Tray,5.375,4.625,0,0,1,1,8.5,11,0.625,1.5625,5.75,1.5625
6692: CD/DVD Jewel Spine,0.219,4.688,0.25,0.157,2,2,8.5,11,0.734,0.494,0.733,7.318
6693: CD/DVD Jewel Cover,4.75,4.75,0,0,1,1,8.5,11,5.625,1.875,0.625,1.875
6693: CD/DVD Jewel Spine,0.25,4.625,5.375,0,1,2,8.5,11,0.625,1.3125,5.75,1.3125
6693: CD/DVD Jewel Tray,5.375,4.625,0,0,1,1,8.5,11,0.625,1.5625,5.75,1.5625
6870: Return Address,2.25,0.75,0.5,0.25,10,3,8.5,11,0.625,0.375,0.625,0.375
6871: Address Labels,2.375,1.25,0.3125,0.25,6,3,8.5,11,1.125,0.375,1.125,0.375
6873: Color Printing,3.75,2,0.25,0.25,4,2,8.5,11,1.125,0.375,1.125,0.375
6874: Shipping Labels,3.75,3,0.25,0.375,3,2,8.5,11,0.625,0.375,0.625,0.375
6878: Shipping Labels,3.75,4.75,0.25,0.25,2,2,8.5,11,0.625,0.375,0.625,0.375
6879: Color Printing,3.75,1.25,0.25,0.25,6,2,8.5,11,1.125,0.375,1.125,0.375
74160: Protect 'n Tab (5-Tab),2.063,0.333,0,0.334,15,1,8.5,11,0.8333,5.438,0.5,0.937
74161: Protect 'n Tab (8-Tab),1.375,0.328,0,0.3283,16,1,8.5,11,0.5781,6,0.25,1.125
74163: Protect 'n Tab (5-Tab),2.063,0.333,0,0.334,15,1,8.5,11,0.8333,5.438,0.5,0.937
74459: Name Badge Labels,4,3,0,0,3,2,8.5,11,1,0.25,1,0.25
74540: Name Badge Inserts,4,3,0,0,3,2,8.5,11,1,0.25,1,0.25
74541: Name Badge Inserts,4,3,0,0,3,2,8.5,11,1,0.25,1,0.25
74549: Name Badge Inserts,3.5,2.219,0,0,4,2,8.5,11,1.0625,0.75,1.0625,0.75
74551: Name Badge Inserts,3.75,2.469,0,0,4,2,8.5,11,0.5625,0.5,0.5625,0.5
74552: Name Badge Inserts,3,1.969,0,0,5,2,8.5,11,0.5625,1.25,0.5938,1.25
74556: Name Badge Inserts,3.5,2.219,0,0,4,2,8.5,11,1.0625,0.75,1.0625,0.75
74557: Name Badge Inserts,3.75,2.469,0,0,4,2,8.5,11,0.5625,0.5,0.5625,0.5
74558: Name Badge Inserts,3,1.969,0,0,5,2,8.5,11,0.626,1.25,0.5288,1.25
75000: Divider (5-Tab),1.75,0.5,0.3,0,20,4,8.5,11,0.5,0.3,0.5,0.3
75092: Presentation Sheets,8.007,11,0,0,1,1,8.5,11,0,0.493,0,0
75093: Presentation Sheets,8.007,11,0,0,1,1,8.5,11,0,0.493,0,0
75297: Presentation Sheets,8.5,11,0,0,1,1,8.5,11,0,0,0,0
75299: Presentation Sheets,8.5,11,0,0,1,1,8.5,11,0,0,0,0
8066: File Folder Labels,3.438,0.541,0.562,0.1256,15,2,8.5,11,0.625,0.531,0.5,0.531
8160: Address Labels,2.625,1,0.125,0,10,3,8.5,11,0.5,0.1875,0.5,0.1875
8161: Address Labels,4,1,0.188,0,10,2,8.5,11,0.5,0.156,0.5,0.156
8162: Address Labels,4,1.3333,0.1875,0,7,2,8.5,11,0.8333,0.156,0.8333,0.156
8163: Address/Shipping,4,2,0.16,0,5,2,8.5,11,0.5,0.17,0.5,0.17
8164: Address/Shipping,4,3.333,0.188,0,3,2,8.5,11,0.5,0.156,0.5,0.156
8166: File Folder Labels,3.438,0.541,0.562,0.1256,15,2,8.5,11,0.625,0.531,0.5,0.531
8167: Return Address Labels,1.75,0.5,0.3,0,20,4,8.5,11,0.5,0.3,0.5,0.3
8173: Blue Border,4,2,0.16,0,5,2,8.5,11,0.5,0.17,0.5,0.17
8174: Blue Border,4,3.333,0.188,0,3,2,8.5,11,0.5,0.156,0.5,0.156
8196: Diskette - 3.5",2.75,2.75,0,0.25,3,3,8.5,11,0.5,0.125,1.75,0.125
8197: Diskette - 3.5",2.75,2.75,0,0.25,3,3,8.5,11,0.5,0.125,1.75,0.125
8250: Labels,2.625,1,0.125,0,10,3,8.5,11,0.5,0.1875,0.5,0.1875
8252: Labels,4,1.3333,0.1875,0,7,2,8.5,11,0.8333,0.156,0.8333,0.156
8253: Labels,4,2,0.16,0,5,2,8.5,11,0.5,0.17,0.5,0.17
8254: Labels,4,3.333,0.188,0,3,2,8.5,11,0.5,0.156,0.5,0.156
8255: Labels,8.5,11,0,0,1,1,8.5,11,0,0,0,0
8257: Return Address,2.25,0.75,0.5,0.25,10,3,8.5,11,0.625,0.375,0.625,0.375
8271: Business Cards,3.5,2,0,0,5,2,8.5,11,0.5,0.75,0.5,0.75
8293: Small Round Labels,1.5,1.5,0.5,0.5,5,4,8.5,11,0.75,0.5,0.75,0.5
8309: Tent Card Large,10,6,1,1,1,1,11,8.5,1.25,0.5,1.25,0.5
8315: Note Card,4.25,5.5,0,0,2,2,8.5,11,0,0,0,0
8316: Greeting Card,8.5,5.5,0,0,2,1,8.5,11,0,0,0,0
8317: Note Card,3.25,4.5,1,1,2,2,8.5,11,0.5,0.5,0.5,0.5
8325: Self-Seal Mailer - Bottom,7.3,3.094,0.2,0,1,1,8.5,11,7.313,0.6,0.594,0.6
8325: Self-Seal Mailer - Middle,7.3,3.6875,0.2,0,1,1,8.5,11,4.219,0.6,0.594,0.6
8325: Self-Seal Mailer - Top,7.3,3.625,0.2,0,1,1,8.5,11,0.594,0.6,6.781,0.6
8327: Self-Seal Mailer - Bottom,7.3,3.094,0.2,0,1,1,8.5,11,7.313,0.6,0.594,0.6
8327: Self-Seal Mailer - Middle,7.3,3.6875,0.2,0,1,1,8.5,11,4.219,0.6,0.594,0.6
8327: Self-Seal Mailer - Top,7.3,3.625,0.2,0,1,1,8.5,11,0.594,0.6,6.781,0.6
8366: File Folder Labels,3.438,0.667,0.562,0,15,2,8.5,11,0.5,0.531,0.5,0.531
8371: Business Cards,3.5,2,0,0,5,2,8.5,11,0.5,0.75,0.5,0.75
8372: Business Cards,3.5,2,0,0,5,2,8.5,11,0.5,0.75,0.5,0.75
8373: Business Card,3.5,2,0.5,0.5,4,2,8.5,11,0.75,0.5,0.75,0.5
8374: Business Cards,3.5,2,0,0,5,2,8.5,11,0.5,0.75,0.5,0.75
8376: Business Cards,3.5,2,0,0,5,2,8.5,11,0.5,0.75,0.5,0.75
8377: Business Cards,3.5,2,0,0,5,2,8.5,11,0.5,0.75,0.5,0.75
8385: Rotary Card - Small,4,2.167,0,0,4,2,8.5,11,1.1667,0.25,1.1667,0.25
8387: Postcard - 4-up,5.5,4.25,0,0,2,2,11,8.5,0,0,0,0
8388: Index Card,5,3,0,0,3,1,8.5,11,1,1.75,1,1.75
8395: Name Badge,3.375,2.333,0.375,0.167,4,2,8.5,11,0.583,0.688,0.584,0.687
8460: Address Labels,2.625,1,0.125,0,10,3,8.5,11,0.5,0.1875,0.5,0.1875
8461: Address Labels,4,1,0.188,0,10,2,8.5,11,0.5,0.156,0.5,0.156
8462: Address Labels,4,1.3333,0.1875,0,7,2,8.5,11,0.8333,0.156,0.8333,0.156
8463: Address/Shipping,4,2,0.16,0,5,2,8.5,11,0.5,0.17,0.5,0.17
8464: Address/Shipping,4,3.333,0.188,0,3,2,8.5,11,0.5,0.156,0.5,0.156
8471: Business Cards,3.5,2,0,0,5,2,8.5,11,0.5,0.75,0.5,0.75
8476: Business Cards,3.5,2,0,0,5,2,8.5,11,0.5,0.75,0.5,0.75
8478: File Folder Labels,3.438,0.541,0.562,0.1256,15,2,8.5,11,0.625,0.531,0.5,0.531
8560: Address Labels,2.625,1,0.125,0,10,3,8.5,11,0.5,0.1875,0.5,0.1875
8567: Return Address Labels,1.75,0.5,0.3,0,20,4,8.5,11,0.5,0.3,0.5,0.3
8571: Business Cards,3.5,2,0,0,5,2,8.5,11,0.5,0.75,0.5,0.75
8620: Address Labels,2.625,1,0.125,0,10,3,8.5,11,0.5,0.1875,0.5,0.1875
8660: Address Labels,2.625,1,0.125,0,10,3,8.5,11,0.5,0.1875,0.5,0.1875
8662: Address Labels,4,1.3333,0.1875,0,7,2,8.5,11,0.8333,0.156,0.8333,0.156
8663: Address/Shipping,4,2,0.16,0,5,2,8.5,11,0.5,0.17,0.5,0.17
8667: Address Labels,1.75,0.5,0.3,0,20,4,8.5,11,0.5,0.3,0.5,0.3
8692: CD/DVD Jewel Spine,0.219,4.688,0.25,0.157,2,2,8.5,11,0.734,0.494,0.733,7.318
8693: CD/DVD Jewel Cover,4.75,4.75,0,0,1,1,8.5,11,5.625,1.875,0.625,1.875
8693: CD/DVD Jewel Spine,0.25,4.625,5.375,0,1,2,8.5,11,0.625,1.3125,5.75,1.3125
8693: CD/DVD Jewel Tray,5.375,4.625,0,0,1,1,8.5,11,0.625,1.5625,5.75,1.5625
8694: CD/DVD Jewel Spine,0.219,4.688,0.25,0.157,2,2,8.5,11,0.734,0.494,0.733,7.318
8695: CD/DVD Jewel Spine,0.219,4.688,0.25,0.157,2,2,8.5,11,0.734,0.494,0.733,7.318
8698: CD/DVD Jewel Cover,4.75,4.75,0,0,1,1,8.5,11,5.625,1.875,0.625,1.875
8698: CD/DVD Jewel Spine,0.25,4.625,5.375,0,1,2,8.5,11,0.625,1.3125,5.75,1.3125
8698: CD/DVD Jewel Tray,5.375,4.625,0,0,1,1,8.5,11,0.625,1.5625,5.75,1.5625
8699: CD/DVD Jewel Spine,0.219,4.688,0.25,0.157,2,2,8.5,11,0.734,0.494,0.733,7.318
8760: Return Address Labels,2.25,0.75,0.5,0.25,10,3,8.5,11,0.625,0.375,0.625,0.375
8763: Multi-Purpose Labels,4,2,0.16,0,5,2,8.5,11,0.5,0.17,0.5,0.17
8764: Shipping Labels,3.75,3,0.25,0.375,3,2,8.5,11,0.625,0.375,0.625,0.375
8768: Shipping Labels,3.75,4.75,0.25,0.25,2,2,8.5,11,0.625,0.375,0.625,0.375
8769: Multi-Purpose Labels,3.75,1.25,0.25,0.25,6,2,8.5,11,1.125,0.375,1.125,0.375
8810: Address Labels,2.625,1,0.125,0,10,3,8.5,11,0.5,0.1875,0.5,0.1875
8824: Postcard-Rotary Card (rotary),4,2.188,1,0,1,2,11,8.5,6.063,1,0.25,1
8831: CD/DVD Jewel Cover,4.75,4.75,0,0,1,1,8.5,11,5.625,1.875,0.625,1.875
8831: CD/DVD Jewel Spine,0.25,4.625,5.375,0,1,2,8.5,11,0.625,1.3125,5.75,1.3125
8831: CD/DVD Jewel Spine,0.219,4.688,0.25,0.157,2,2,8.5,11,0.734,0.494,0.733,7.318
8831: CD/DVD Jewel Tray,5.375,4.625,0,0,1,1,8.5,11,0.625,1.5625,5.75,1.5625
8832: CD/DVD Jewel Spine,0.219,4.688,0.25,0.157,2,2,8.5,11,0.734,0.494,0.733,7.318
8833: CD/DVD Jewel Cover,4.75,4.75,0,0,1,1,8.5,11,5.625,1.875,0.625,1.875
8833: CD/DVD Jewel Spine,0.25,4.625,5.375,0,1,2,8.5,11,0.625,1.3125,5.75,1.3125
8833: CD/DVD Jewel Tray,5.375,4.625,0,0,1,1,8.5,11,0.625,1.5625,5.75,1.5625
8842: CD/DVD Jewel Spine,0.219,4.688,0.25,0.157,2,2,8.5,11,0.734,0.494,0.733,7.318
8843: CD/DVD Jewel Cover,4.75,4.75,0,0,1,1,8.5,11,5.625,1.875,0.625,1.875
8843: CD/DVD Jewel Spine,0.25,4.625,5.375,0,1,2,8.5,11,0.625,1.3125,5.75,1.3125
8843: CD/DVD Jewel Tray,5.375,4.625,0,0,1,1,8.5,11,0.625,1.5625,5.75,1.5625
8844: CD/DVD Jewel Spine,0.219,4.688,0.25,0.157,2,2,8.5,11,0.734,0.494,0.733,7.318
8846: CD/DVD Jewel Spine,0.219,4.688,0.25,0.157,2,2,8.5,11,0.734,0.494,0.733,7.318
8847: CD/DVD Jewel Spine,0.219,4.688,0.25,0.157,2,2,8.5,11,0.734,0.494,0.733,7.318
8848: CD/DVD Jewel Cover,4.75,4.75,0,0,1,1,8.5,11,5.625,1.875,0.625,1.875
8848: CD/DVD Jewel Cover,5.375,4.625,0,0,1,1,8.5,11,0.625,1.5625,5.75,1.5625
8871: Business Cards,3.5,2,0,0,5,2,8.5,11,0.5,0.75,0.5,0.75
8876: Business Cards,3.5,2,0,0,5,2,8.5,11,0.5,0.75,0.5,0.75
8877: Business Cards,3.5,2,0,0,5,2,8.5,11,0.5,0.75,0.5,0.75
8920: Address Labels,2.625,1,0.125,0,10,3,8.5,11,0.5,0.1875,0.5,0.1875
8920: Multi-Purpose 10 Count,2.625,1,0.125,0,10,3,8.5,11,0.5,0.1875,0.5,0.1875
8922: Address Labels,4,1.3333,0.1875,0,7,2,8.5,11,0.8333,0.156,0.8333,0.156
8923: Address/Shipping,4,2,0.16,0,5,2,8.5,11,0.5,0.17,0.5,0.17
8923: Multi-Purpose 10 Count,4,2,0.16,0,5,2,8.5,11,0.5,0.17,0.5,0.17
8923: Shipping Labels,4,2,0.16,0,5,2,8.5,11,0.5,0.17,0.5,0.17
8925: Zip Disks Bottom,3.75,0.281,0,3.031,3,1,8.5,11,3.438,2.375,0.657,2.375
8925: Zip Disks Face,2.345,2,1.27,1.312,3,2,8.5,11,0.657,1.27,1.719,1.27
8925: Zip Disks Top,3.75,0.281,0,3.031,3,1,8.5,11,2.907,2.375,1.188,2.375
8927: Multi-Purpose 10 Count,1.75,0.5,0.3,0,20,4,8.5,11,0.5,0.3,0.5,0.3
8927: Return Address Labels,1.75,0.5,0.3,0,20,4,8.5,11,0.5,0.3,0.5,0.3
8930: Address Labels,2.625,1,0.125,0,10,3,8.5,11,0.5,0.1875,0.5,0.1875
8931: CD/DVD Jewel Cover,4.75,4.75,0,0,1,1,8.5,11,5.625,1.875,0.625,1.875
8931: CD/DVD Jewel Spine,0.25,4.625,5.375,0,1,2,8.5,11,0.625,1.3125,5.75,1.3125
8931: CD/DVD Jewel Spine,0.219,4.688,0.25,0.157,2,2,8.5,11,0.734,0.494,0.733,7.318
8931: CD/DVD Jewel Tray,5.375,4.625,0,0,1,1,8.5,11,0.625,1.5625,5.75,1.5625
8932: Address Labels,4,1.3333,0.1875,0,7,2,8.5,11,0.8333,0.156,0.8333,0.156
8941: CD/DVD Jewel Cover,4.75,4.75,0,0,1,1,8.5,11,5.625,1.875,0.625,1.875
8941: CD/DVD Jewel Spine,0.25,4.625,5.375,0,1,2,8.5,11,0.625,1.3125,5.75,1.3125
8941: CD/DVD Jewel Spine,0.219,4.688,0.25,0.157,2,2,8.5,11,0.734,0.494,0.733,7.318
8941: CD/DVD Jewel Tray,5.375,4.625,0,0,1,1,8.5,11,0.625,1.5625,5.75,1.5625
8942: CD/DVD Jewel Spine,0.219,4.688,0.25,0.157,2,2,8.5,11,0.734,0.494,0.733,7.318
8943: CD/DVD Jewel Cover,4.75,4.75,0,0,1,1,8.5,11,5.625,1.875,0.625,1.875
8943: CD/DVD Jewel Spine,0.25,4.625,5.375,0,1,2,8.5,11,0.625,1.3125,5.75,1.3125
8943: CD/DVD Jewel Tray,5.375,4.625,0,0,1,1,8.5,11,0.625,1.5625,5.75,1.5625
8987: Return Address Labels,2.25,0.75,0.5,0.25,10,3,8.5,11,0.625,0.375,0.625,0.375
8997: Videotape Labels Face,3.063,1.833,0.375,3.667,2,2,8.5,11,1.833,1,1.833,1
8998: Audio,3.5,1.667,0.5,0.333,5,2,8.5,11,0.667,0.5,0.666,0.5
BCT-5: Tabbed Business Card,2.063,0.333,0,0.334,15,1,8.5,11,0.8333,5.438,0.5,0.937
CB7-10C: Name Badge Inserts,3.75,2.469,0,0,4,2,8.5,11,0.5625,0.5,0.5625,0.5
CB7-2C: Name Badge Inserts,3,1.969,0,0,5,2,8.5,11,0.5625,1.25,0.5938,1.25
CB7-4C: Name Badge Inserts,4,3,0,0,3,2,8.5,11,1,0.25,1,0.25
CC10-0C: Name Badge Inserts,3.5,2.219,0,0,4,2,8.5,11,1.0625,0.75,1.0625,0.75
CC10-10C: Name Badge Inserts,3.75,2.469,0,0,4,2,8.5,11,0.5625,0.5,0.5625,0.5
CC10-2C: Name Badge Inserts,3,1.969,0,0,5,2,8.5,11,0.626,1.25,0.5288,1.25
CC10-4C: Name Badge Inserts,4,3,0,0,3,2,8.5,11,1,0.25,1,0.25
CI2095: Tab Inserts (5-Tab),1.5,0.3331,0,0,26,2,8.5,11,1.17,2.75,1.1694,2.75
CI2095C: Tab Inserts (5-Tab),2,0.5,0,0,18,2,8.5,11,1,2.25,1,2.25
CI2095C: Tab Inserts (5-Tab),1.5,0.3331,0,0,26,2,8.5,11,1.17,2.75,1.1694,2.75
CI2135: Tab Inserts (5-Tab),2,0.5,0,0,18,2,8.5,11,1,2.25,1,2.25
CI2135: Tab Inserts (5-Tab),2,0.5,0,0,18,2,8.5,11,1,2.25,1,2.25
CI2135: Tab Inserts (5-Tab),2,0.3331,0,0,26,2,8.5,11,1.17,2.25,1.1694,2.25
ci2135C: Tab Inserts (5-Tab),2,0.5,0,0,18,2,8.5,11,1,2.25,1,2.25
CI2135C: Tab Inserts (5-Tab),2,0.5,0,0,18,2,8.5,11,1,2.25,1,2.25
CI2135C: Tab Inserts (5-Tab),2,0.3331,0,0,26,2,8.5,11,1.17,2.25,1.1694,2.25
CI2138: Tab Inserts (8-Tab),1.5,0.5,0,0,20,2,8.5,11,0.5,2.75,0.5,2.75
CI2138: Tab Inserts (8-Tab),1.5,0.3331,0,0,26,2,8.5,11,1.17,2.75,1.1694,2.75
CI2138C: Tab Inserts (8-Tab),1.5,0.5,0,0,20,2,8.5,11,0.5,2.75,0.5,2.75
CI2138C: Tab Inserts (8-Tab),1.5,0.5,0,0,20,2,8.5,11,0.5,2.75,0.5,2.75
CI2138C: Tab Inserts (8-Tab),1.5,0.3331,0,0,26,2,8.5,11,1.17,2.75,1.1694,2.75
CI2178C: Tab Inserts (8-Tab),2,0.5,0,0,18,2,8.5,11,1,2.25,1,2.25
CPK3: Divider (3-Tab),3.125,0.5,1.25,0,20,2,8.5,11,0.5,0.5,0.5,0.5
CPK5: Divider (5-Tab),1.75,0.5,0.3,0,20,4,8.5,11,0.5,0.3,0.5,0.3
CPK8: Divider (8-Tab),1.125,0.5,1,0,20,4,8.5,11,0.5,0.5,0.5,0.5
HT21310: Hidden Tab (10-Tab),3,0.875,0,0.125,10,1,8.5,11,0.625,5,0.5,0.5
HT2133: Hidden Tab (3-Tab),3,3.125,0,0.25,3,1,8.5,11,0.625,5,0.46875,0.5
HT2135: Hidden Tab (5-Tab),3,1.875,0,0.125,5,1,8.5,11,0.625,5,0.5,0.5
HT2138: Hidden Tab (8-Tab),3,1.125,0,0.09375,8,1,8.5,11,0.875,5,0.5,0.5
IJK3S: Divider (3-Tab),3.125,0.5,1.25,0,20,2,8.5,11,0.5,0.5,0.5,0.5
IJK5S: Divider (5-Tab),1.75,0.5,0.3,0,20,4,8.5,11,0.5,0.3,0.5,0.3
IJK8S: Divider (8-Tab),1.125,0.5,1,0,20,4,8.5,11,0.5,0.5,0.5,0.5
LSK3: Divider (3-Tab),3.125,0.5,1.25,0,20,2,8.5,11,0.5,0.5,0.5,0.5
LSK3B: Divider (3-Tab),3.125,0.5,1.25,0,20,2,8.5,11,0.5,0.5,0.5,0.5
LSK3U: Divider (3-Tab),3.125,0.5,1.25,0,20,2,8.5,11,0.5,0.5,0.5,0.5
LSK3UB: Divider (3-Tab),3.125,0.5,1.25,0,20,2,8.5,11,0.5,0.5,0.5,0.5
LSK5: Divider (5-Tab),1.75,0.5,0.3,0,20,4,8.5,11,0.5,0.3,0.5,0.3
LSK5B: Divider (5-Tab),1.75,0.5,0.3,0,20,4,8.5,11,0.5,0.3,0.5,0.3
LSK5U: Divider (5-Tab),1.75,0.5,0.3,0,20,4,8.5,11,0.5,0.3,0.5,0.3
LSK5UB: Divider (5-Tab),1.75,0.5,0.3,0,20,4,8.5,11,0.5,0.3,0.5,0.3
LSK8: Divider (8-Tab),1.125,0.5,1,0,20,4,8.5,11,0.5,0.5,0.5,0.5
LSK8B: Divider (8-Tab),1.125,0.5,1,0,20,4,8.5,11,0.5,0.5,0.5,0.5
LSK8U: Divider (8-Tab),1.125,0.5,1,0,20,4,8.5,11,0.5,0.5,0.5,0.5
LSK8UB: Divider (8-Tab),1.125,0.5,1,0,20,4,8.5,11,0.5,0.5,0.5,0.5
TFB11-10: Title Frame,7.5,10,0,0,1,1,8.5,11,0.5,0.5,0.5,0.5
TFD11-10: Title Frame,7.5,10,0,0,1,1,8.5,11,0.5,0.5,0.5,0.5
TFP11-10: Title Frame,7.5,10,0,0,1,1,8.5,11,0.5,0.5,0.5,0.5
TFS11-10: Title Frame,7.5,10,0,0,1,1,8.5,11,0.5,0.5,0.5,0.5
TFS11-15: Title Frame,7.5,10,0,0,1,1,8.5,11,0.5,0.5,0.5,0.5